0 Bite
-
0
2 2 2 
0 0 2 
-
2 
2 
-
5 5 
5 5 
-
0 0 0 0 0 0 0 0 0 0 
0 0 0 0 0 0 0 0 0 0 
0 0 0 0 0 0 0 0 0 0 
0 0 0 0 0 0 0 0 0 0 
0 0 0 0 0 0 0 0 0 0 
0 0 0 0 0 0 0 0 0 0 
0 0 0 0 0 0 0 0 0 0 
0 0 0 0 0 0 0 0 0 0 
0 0 0 0 0 0 0 0 0 0 
0 0 0 0 0 0 0 0 0 0 
-
0 0
2 2 2 
0 0 2 
-
0 Bite
-
2
0 
-
0 
-
5 5 
5 5 
-
0 0 0 0 0 0 0 0 0 0 
0 0 0 0 0 0 0 0 0 0 
2 2 2 0 0 0 0 0 0 0 
0 0 2 0 0 0 0 0 0 0 
0 0 0 0 0 0 0 0 0 0 
2 0 0 0 0 0 0 0 0 0 
2 0 0 0 0 0 0 0 0 0 
0 0 0 0 0 0 0 0 0 0 
0 0 0 0 0 0 0 0 0 0 
0 0 0 0 0 0 0 0 0 0 
-
0 5
5 5 
5 5 
-
0 Bite
-
2
5 0 
5 5 
0 5 
-
1 
-
3 3 
0 3 
-
0 0 0 0 0 0 0 0 0 0 
0 0 0 0 0 0 0 0 0 0 
2 2 2 0 0 0 0 0 0 0 
0 0 2 0 0 0 0 0 0 0 
0 0 0 0 0 0 0 0 0 0 
2 0 0 5 5 0 0 0 0 0 
2 0 0 5 5 0 0 0 0 0 
0 0 0 0 0 0 0 0 0 0 
0 0 0 0 0 0 0 0 0 0 
0 0 0 0 0 0 0 0 0 0 
-
3 5
3 3 
0 3 
-
0 Bite
-
0
5 0 
5 5 
0 5 
-
1 
-
0 
-
0 0 0 0 0 0 0 0 0 0 
0 0 0 0 0 0 0 0 0 0 
2 2 2 0 0 0 0 0 0 0 
0 0 2 0 0 0 0 0 0 0 
0 0 0 0 0 0 0 0 0 0 
2 0 0 5 5 0 3 3 0 0 
2 0 0 5 5 0 0 3 0 0 
0 0 0 0 0 0 0 0 0 0 
0 0 0 0 0 0 0 0 0 0 
0 0 0 0 0 0 0 0 0 0 
-
6 5
5 0 
5 5 
0 5 
-
